25 25
5 4 9 23 56 58 75 70 78 68 76 2 90 64 79 7 58 71 93 18 84 43 25 23 62
15 59 82 57 55 5 59 87 77 31 22 98 67 93 19 40 54 18 51 44 74 63 55 81 23
1 52 10 64 19 80 46 13 83 42 53 62 95 76 54 90 43 45 62 58 89 9 48 19 68
41 15 5 13 86 30 36 70 42 62 34 52 32 29 47 48 31 4 22 77 71 22 53 84 27
36 94 96 22 32 99 9 76 82 75 50 87 39 34 86 19 68 59 95 25 7 19 96 66 80
17 97 36 75 4 87 65 88 25 90 60 55 65 17 24 41 29 41 86 10 44 58 75 40 65
97 46 40 2 99 95 32 48 4 7 29 24 8 82 38 53 54 99 8 95 26 78 31 95 56
28 37 64 57 34 70 65 73 27 24 8 54 24 96 39 25 1 64 61 26 98 86 3 44 61
89 99 57 93 82 88 75 32 86 24 73 13 34 59 20 13 52 49 9 23 88 29 25 41 28
66 78 93 48 14 26 12 21 58 25 86 65 78 19 62 20 97 54 55 57 98 38 59 46 8
43 23 72 16 79 68 34 61 59 44 25 52 1 63 28 92 68 36 40 51 48 31 35 55 41
1 9 24 2 65 99 6 20 85 64 46 1 60 24 36 86 54 95 31 84 71 2 52 46 15
44 48 61 25 23 41 30 17 47 59 60 44 68 31 66 59 28 88 79 15 44 20 2 19 55
53 93 3 31 0 48 59 31 33 71 11 44 33 8 33 44 16 69 51 7 75 26 63 76 62
74 37 0 77 40 36 86 40 20 71 71 26 14 29 6 50 89 98 58 81 56 41 50 27 25
54 70 2 75 41 69 75 58 8 38 6 24 24 47 64 34 99 6 95 11 16 21 2 8 12
21 70 73 91 3 44 67 2 12 75 39 96 17 89 6 90 29 45 33 99 81 91 75 56 92
43 32 40 45 43 92 84 25 88 20 29 54 3 72 82 48 32 38 96 14 18 35 90 44 68
7 74 50 68 58 21 13 70 24 82 28 11 76 26 59 95 12 66 2 31 92 66 68 75 17
33 34 27 4 93 93 84 40 52 93 26 39 86 54 84 92 49 68 35 72 31 41 18 58 71
65 69 86 99 51 81 76 32 35 36 10 26 75 73 17 33 1 54 16 88 61 28 67 77 15
59 2 98 60 54 90 7 38 49 54 76 81 94 6 8 55 52 28 65 30 51 85 82 80 60
55 74 19 47 34 99 67 18 87 7 69 40 95 34 5 23 37 97 6 93 24 9 84 69 35
62 58 37 74 53 17 3 36 37 9 93 5 42 35 98 66 51 18 9 86 41 26 27 15 78
74 32 33 7 25 65 55 46 27 89 44 1 52 65 12 79 41 82 47 58 14 37 76 65 25