50 89
13 22 19
13 39 11
46 16 11
49 31 13
30 23 3
26 23 11
44 14 19
49 12 9
13 40 14
39 10 11
41 10 3
16 10 2
8 49 2
6 23 2
19 46 15
28 5 5
20 38 6
32 14 11
10 22 1
1 14 13
38 8 1
35 47 7
46 28 13
15 3 6
24 29 2
47 28 9
2 47 2
27 23 11
1 50 15
50 6 12
47 44 8
17 4 6
37 15 1
41 13 6
35 11 19
43 47 19
46 42 13
39 21 10
31 14 20
46 27 19
40 32 14
47 31 10
33 46 5
18 10 5
35 39 17
45 23 10
35 5 20
18 45 14
32 5 15
21 38 5
25 18 13
36 29 8
44 4 3
16 22 18
28 34 12
37 4 12
10 27 11
4 35 2
38 13 9
6 19 10
15 44 1
22 35 3
4 28 5
8 19 12
1 44 6
24 48 18
39 18 8
8 29 13
47 25 13
48 43 13
1 35 11
7 6 19
6 37 9
42 18 20
2 5 19
30 26 11
30 31 13
12 5 12
10 3 2
35 34 14
30 15 7
41 44 17
31 27 20
31 28 4
17 15 18
19 16 17
49 33 8
50 45 19
3 21 1
