50 71
16 17 15
50 25 15
28 26 10
10 11 2
20 37 17
38 48 11
5 11 14
43 7 15
37 5 11
35 39 20
21 31 20
32 49 9
11 33 4
1 4 6
17 18 2
44 15 4
12 3 11
30 14 15
26 25 17
18 12 12
31 15 3
16 39 17
1 3 4
8 42 3
16 26 18
19 21 20
25 22 20
34 31 8
9 19 10
10 29 1
7 37 18
17 42 15
20 7 7
19 7 18
17 34 11
47 26 6
48 5 9
14 26 17
36 44 15
19 47 16
44 8 5
17 33 8
23 49 15
19 33 1
27 40 13
21 39 10
36 25 5
5 19 11
20 22 8
42 1 13
10 3 5
17 46 5
5 50 17
30 49 17
14 29 19
25 32 10
18 24 9
16 48 11
48 2 11
13 34 9
6 41 8
32 50 14
11 37 17
41 19 3
18 3 9
44 35 13
27 22 13
6 29 8
10 20 17
46 49 9
46 23 17
