50 126
7 43 10
7 21 2
25 36 17
46 15 9
31 5 12
11 42 8
32 23 3
39 19 16
21 4 15
48 45 17
36 48 19
16 1 18
14 21 8
37 10 4
10 46 5
1 22 15
6 42 5
22 28 8
1 7 17
3 39 18
11 26 4
45 37 7
44 38 17
18 33 16
43 36 12
7 26 10
48 21 20
31 7 6
1 42 17
25 31 7
50 42 9
8 37 19
25 16 6
11 28 4
12 50 17
32 9 18
5 38 18
32 44 13
22 8 1
39 21 9
34 30 8
6 50 4
29 21 12
8 17 15
40 46 5
29 47 11
24 11 15
13 12 10
43 25 2
20 40 14
41 45 2
23 42 4
47 17 6
29 19 10
35 9 3
6 3 15
50 38 13
28 49 6
15 36 5
21 15 15
12 37 11
43 8 3
37 39 16
35 37 1
27 39 10
3 22 18
30 1 4
33 6 18
45 26 12
43 48 1
43 12 3
30 50 12
44 14 13
3 31 6
10 34 7
13 42 9
5 32 11
14 25 11
19 26 18
17 14 19
46 49 17
11 39 15
43 16 3
46 21 13
17 11 4
19 20 7
47 18 7
30 24 3
42 35 2
36 29 18
47 50 9
38 2 17
45 46 17
48 19 4
30 33 8
3 43 17
9 36 15
13 44 18
12 10 6
37 27 8
47 49 17
49 29 12
44 40 1
21 22 12
41 14 6
25 50 6
35 30 16
1 26 1
17 49 10
25 12 15
49 10 13
27 42 4
47 39 20
36 42 14
47 36 17
7 38 19
45 10 15
38 39 6
19 1 16
39 13 9
11 12 15
29 44 1
19 46 1
12 42 11
20 8 7
44 34 5
