50 175
7 36 11
32 16 19
30 2 5
28 37 8
15 21 9
8 41 18
43 24 8
44 45 6
20 41 9
25 48 14
45 19 16
23 14 11
45 29 19
11 48 17
45 8 15
23 43 13
6 45 9
2 42 3
39 41 2
29 28 14
34 26 7
49 8 4
26 27 18
33 36 14
21 31 18
45 33 1
1 34 2
30 14 9
37 35 20
42 44 20
12 31 14
32 27 18
9 21 14
48 43 12
30 8 5
32 20 6
24 10 13
11 6 10
47 40 6
45 10 12
48 37 6
30 22 11
5 36 11
37 50 2
45 46 20
28 5 18
29 34 1
9 35 17
48 27 18
41 36 9
20 14 5
15 30 9
9 45 8
49 30 19
34 27 18
7 34 12
48 41 7
26 19 17
28 22 7
23 29 7
17 42 9
7 8 16
23 34 17
40 35 10
43 32 11
19 10 10
25 17 16
27 40 9
3 33 8
11 44 14
50 35 2
11 13 1
17 6 9
23 36 3
3 2 2
34 24 8
19 48 13
5 4 13
18 8 16
4 15 13
13 14 4
12 5 9
44 15 3
12 48 8
15 46 6
9 14 18
10 48 7
16 27 14
43 39 15
31 30 20
36 9 5
20 16 18
46 25 12
9 50 12
44 33 11
34 33 2
33 4 13
23 33 19
18 40 7
35 22 9
33 19 16
17 18 11
13 27 15
35 39 11
6 24 15
17 9 4
38 39 1
19 31 18
1 35 7
37 10 10
20 43 10
18 43 12
24 4 19
27 14 10
40 32 9
23 5 7
7 27 2
4 12 15
8 25 20
22 24 4
5 1 6
9 43 11
32 50 3
1 50 19
33 50 10
8 2 20
33 12 15
23 42 9
18 29 19
5 7 12
48 9 14
20 27 12
12 15 20
19 12 20
1 20 3
2 34 18
2 13 18
47 44 12
38 17 13
24 41 11
47 25 19
8 1 17
8 21 20
43 2 14
31 39 3
22 10 9
10 16 14
39 46 17
14 5 19
9 31 16
28 21 3
35 33 14
9 22 5
45 28 2
11 19 18
32 38 12
10 38 5
43 8 6
16 34 13
31 4 19
10 4 16
16 18 19
35 19 6
2 45 17
14 38 4
20 40 7
41 1 3
1 43 18
35 27 7
40 17 19
13 10 9
50 49 18
46 41 11
28 36 5
7 39 3
