50 60
14 48 2
7 35 17
15 17 3
17 14 4
5 22 15
13 12 14
8 29 11
14 5 18
44 46 6
24 37 8
23 36 13
27 39 9
40 1 9
19 1 20
31 25 16
2 27 8
11 34 12
30 6 13
9 30 17
5 10 10
3 21 14
4 44 1
32 37 6
2 28 3
1 38 14
49 13 1
37 20 17
50 10 18
15 33 8
27 11 1
2 44 11
30 31 16
42 6 13
28 13 6
9 44 5
26 32 3
35 49 8
18 24 12
45 29 20
27 1 10
49 43 13
16 29 13
47 8 9
49 47 12
36 14 9
13 16 3
45 15 9
21 7 1
21 49 18
32 38 20
20 8 12
21 1 18
43 46 16
23 22 20
1 42 11
25 22 18
39 11 5
43 12 15
36 21 17
19 32 9
