50 153
2 31 15
26 42 2
34 26 3
44 2 2
46 40 11
9 38 8
40 27 15
34 35 13
42 19 15
10 33 5
25 10 3
7 12 2
20 10 19
8 20 13
28 17 12
37 47 19
46 13 5
5 9 10
6 44 5
42 43 16
43 14 4
9 43 8
45 1 12
15 48 5
42 3 2
21 1 14
28 15 18
27 32 19
33 14 8
42 13 12
26 9 18
23 39 5
22 8 11
6 29 20
38 43 13
24 50 13
1 37 20
31 9 12
17 25 18
28 42 7
17 23 16
44 24 8
19 5 19
28 36 13
26 38 19
50 34 10
24 35 18
18 32 19
9 37 9
9 16 14
38 16 9
47 18 14
1 2 6
32 24 8
30 47 20
28 33 6
47 3 15
12 9 10
4 18 13
13 15 5
15 35 20
12 46 11
35 48 3
21 3 6
12 19 9
40 37 19
17 18 2
35 27 7
36 49 9
50 39 2
44 3 18
41 10 8
50 47 3
45 32 2
19 43 5
4 23 14
36 15 13
38 34 9
13 16 8
15 21 3
43 40 14
18 1 14
2 34 9
15 29 19
7 50 20
33 35 4
10 44 8
25 35 6
2 48 6
28 44 17
39 42 19
48 20 8
1 33 12
10 49 15
28 43 11
21 24 15
39 20 12
31 7 10
38 45 2
47 4 16
20 24 5
6 5 4
39 29 7
19 40 7
28 6 3
29 48 11
44 33 1
38 1 1
4 48 15
46 1 16
37 6 14
10 23 14
5 21 13
22 45 7
6 2 7
1 32 18
38 39 2
15 7 14
32 10 4
18 21 14
9 8 13
44 36 10
35 20 11
30 25 20
24 2 17
1 48 1
31 10 10
18 36 19
36 9 1
24 47 20
25 2 8
12 32 9
18 40 5
9 42 2
14 45 12
6 24 14
37 48 10
47 14 11
21 7 14
42 14 13
40 11 17
32 43 3
13 19 19
5 24 1
8 45 16
18 27 15
38 42 20
33 48 6
21 38 11
21 35 13
15 47 8
18 28 14
33 39 11
