50 181
3 19 13
6 32 14
6 9 19
28 17 1
16 31 1
8 19 2
19 40 19
29 18 12
17 13 1
12 10 17
19 44 10
26 2 3
20 16 16
46 31 19
9 23 16
17 12 6
34 15 6
4 40 6
48 21 19
14 31 3
1 37 13
31 34 7
50 19 15
30 34 1
40 48 7
22 13 17
48 37 16
19 18 11
36 11 8
43 10 18
5 39 9
4 42 14
46 34 2
4 24 17
18 26 9
50 37 14
30 23 8
6 50 12
31 24 16
38 20 15
39 24 4
38 9 3
32 26 3
29 42 16
29 10 11
31 43 14
5 8 14
9 45 9
31 15 7
45 21 10
8 31 15
19 32 5
43 47 20
6 49 9
25 28 16
43 36 12
18 9 9
3 26 6
12 14 16
9 12 19
16 24 15
26 38 12
20 32 5
16 6 16
22 46 7
7 3 1
21 33 12
14 17 17
6 11 10
35 5 15
26 19 4
4 11 7
17 41 14
36 30 18
19 21 1
41 34 18
15 47 9
48 3 1
48 18 9
38 5 11
26 27 6
40 27 3
12 21 11
15 49 11
25 39 15
47 10 9
13 38 8
34 44 9
24 44 8
10 20 19
39 40 5
46 29 6
12 28 11
10 38 15
24 5 7
39 17 8
33 2 17
10 36 2
21 50 17
21 44 16
50 48 7
18 17 1
16 29 10
23 19 7
2 40 1
12 46 14
6 38 3
8 30 8
46 8 4
37 11 20
3 14 18
9 17 16
44 46 18
43 27 16
25 42 13
27 12 2
12 39 13
36 25 14
10 16 13
23 43 19
47 17 6
26 6 17
45 35 12
47 23 20
3 5 7
11 3 13
8 43 18
7 36 16
12 38 17
2 32 3
44 36 2
25 49 16
39 10 10
27 10 11
8 22 8
21 8 20
39 23 19
45 8 5
23 22 18
36 4 13
36 37 17
26 41 12
16 2 19
12 22 10
33 43 18
8 38 16
30 10 14
26 36 19
40 21 1
3 37 19
27 21 13
2 19 20
17 45 12
9 11 2
22 49 3
33 3 9
3 16 16
8 18 16
8 15 5
16 28 14
16 36 5
39 3 17
37 27 15
17 36 12
1 35 1
31 27 12
18 11 3
44 11 1
44 9 3
37 41 17
31 47 2
11 50 10
29 11 16
37 31 12
3 41 12
43 24 3
6 1 2
47 40 12
1 29 16
48 10 17
45 36 5
