200 300
90 47
135 23
27 35
97 69
151 88
54 93
155 151
128 126
138 111
114 68
38 167
110 48
46 60
18 118
158 81
3 53
47 107
97 82
4 10
110 153
84 10
69 115
176 138
144 105
41 192
184 64
148 52
41 105
163 40
45 146
18 102
166 79
99 117
190 165
20 39
85 125
200 69
11 100
133 58
107 15
86 92
64 2
148 110
86 154
39 72
79 190
183 185
43 125
106 157
26 1
44 88
197 7
84 73
190 109
195 189
35 166
167 199
100 181
121 111
67 92
181 47
68 138
114 49
69 31
58 32
21 156
14 129
189 100
145 83
15 188
91 130
60 152
140 34
141 175
21 42
25 139
48 135
50 110
61 58
99 34
105 21
85 73
42 153
71 109
82 68
90 169
171 193
122 112
105 177
125 198
86 22
88 140
14 125
191 178
146 158
87 100
38 174
174 41
83 68
190 59
162 151
134 102
77 127
190 197
130 54
186 11
175 64
173 102
150 131
87 148
32 189
42 130
189 176
22 35
46 39
187 37
183 96
190 27
133 163
37 78
179 188
4 67
126 130
122 126
22 31
55 162
125 65
130 66
197 128
160 27
89 57
75 193
119 102
112 164
15 131
113 82
59 82
138 83
174 23
115 100
198 5
15 148
69 168
108 175
90 160
75 187
162 176
178 94
178 53
94 75
48 184
177 44
130 193
65 16
104 177
147 162
92 38
85 66
90 74
127 101
58 112
176 190
165 27
38 104
20 190
130 87
73 49
75 47
62 44
189 46
16 54
15 140
115 52
191 119
41 35
70 106
7 34
33 55
94 15
187 176
33 173
5 30
17 31
70 63
181 18
173 113
182 76
111 86
10 181
135 45
116 91
158 130
99 45
195 118
37 65
141 59
182 5
152 45
20 83
98 82
37 130
9 126
31 156
149 3
69 139
154 68
125 10
111 179
54 199
153 29
180 179
160 132
107 185
186 134
167 138
124 45
44 23
183 67
109 78
134 44
183 52
176 144
115 188
125 37
56 176
138 137
181 99
95 200
35 150
21 76
82 41
12 30
48 93
120 67
189 178
197 41
125 39
51 129
51 7
25 186
119 152
171 34
184 52
184 176
161 184
101 100
66 126
146 117
78 64
195 133
8 3
175 199
192 93
177 3
86 20
184 87
74 175
83 69
88 181
197 49
127 25
157 148
56 116
154 42
79 171
88 112
50 149
122 182
83 2
194 54
37 75
91 38
96 58
158 122
194 187
67 153
168 67
151 80
73 133
50 147
164 187
34 76
154 71
43 124
179 134
59 116
176 130
167 197
2 104
63 49
196 114
161 183
117 105
157 49
31 68
127 103
131 173
42 24
152 168
141 153
