200 300
97 96
161 81
110 107
41 100
27 150
94 11
200 193
115 29
65 40
107 80
141 89
19 158
159 146
117 149
174 169
53 79
159 174
60 68
136 112
42 174
4 35
15 4
61 83
172 149
35 102
68 20
45 8
169 142
165 54
46 143
120 12
120 126
120 85
76 125
171 51
71 20
73 91
18 36
27 36
111 80
175 109
115 146
134 150
53 67
90 5
180 195
184 72
135 104
159 15
144 101
127 98
115 116
134 165
14 70
84 13
157 20
133 94
155 50
42 180
42 123
127 49
175 55
63 59
180 179
75 146
153 150
103 161
181 103
37 12
16 137
5 172
182 187
29 95
180 66
76 181
146 93
120 58
55 111
139 23
119 137
175 93
118 191
123 120
62 150
190 196
108 15
53 107
15 183
72 71
81 77
110 15
111 114
88 78
110 163
167 151
43 79
175 168
16 108
169 5
115 173
187 154
133 100
179 70
21 160
59 194
36 154
164 174
190 75
134 32
111 156
175 16
180 165
162 122
63 60
178 89
71 152
34 21
91 38
150 195
126 132
70 133
187 47
167 169
155 38
171 10
66 69
16 112
176 114
86 150
128 95
179 155
98 37
4 169
173 162
49 109
85 9
113 138
176 79
139 140
124 126
91 112
152 155
72 129
17 186
86 74
52 89
181 70
9 183
151 169
36 29
100 99
31 103
177 41
100 78
34 114
12 110
104 91
70 57
42 130
168 41
99 38
191 103
96 105
198 177
69 45
9 63
7 191
31 49
129 7
177 144
22 129
171 153
75 131
68 131
26 129
154 102
63 19
114 52
190 40
176 183
103 78
150 16
24 150
164 53
65 119
7 121
74 98
193 88
117 16
34 66
61 1
13 164
108 161
179 48
48 191
123 76
97 135
132 92
132 77
52 57
200 177
39 54
72 5
167 126
189 126
119 110
136 139
71 109
141 200
30 123
197 187
76 150
177 92
105 89
79 190
71 92
129 78
62 97
185 80
29 103
99 180
171 122
184 94
192 183
135 101
146 42
148 130
87 17
8 142
191 102
81 170
192 194
164 157
19 80
134 92
30 95
145 83
193 13
96 102
64 193
24 81
118 179
90 190
41 65
82 121
81 53
34 167
197 18
42 80
86 157
136 74
36 44
112 86
135 9
113 170
48 50
68 108
10 96
36 65
192 165
86 93
81 149
153 130
57 119
187 60
122 127
160 165
180 155
64 122
138 23
55 102
180 119
174 195
78 71
70 186
43 172
188 187
135 71
83 191
61 91
82 105
121 54
74 113
14 91
4 52
87 98
160 151
142 100
198 132
197 179
172 188
181 134
194 124
76 131
142 48
194 73
32 76
199 83
34 132
187 181
