500 800
4 98
234 392
40 179
485 131
50 212
434 376
445 235
2 285
45 169
47 492
44 58
281 268
372 479
69 27
143 104
303 258
224 41
323 401
215 214
74 295
371 207
461 493
399 28
353 40
429 459
22 26
53 105
337 385
142 103
329 146
395 431
469 103
374 38
353 486
499 384
69 201
308 357
283 150
243 372
436 449
343 303
344 500
404 298
211 171
94 256
68 71
42 207
440 270
175 405
335 398
81 95
186 397
71 476
244 367
331 370
119 104
78 222
243 348
337 132
410 35
187 259
69 116
258 180
193 262
481 408
348 68
85 13
401 124
232 24
140 491
448 56
220 44
398 385
420 445
111 40
318 344
15 30
309 287
428 436
424 416
298 99
31 61
361 367
135 94
109 230
234 362
116 398
359 73
475 183
57 124
48 185
83 106
388 363
359 401
90 124
287 447
210 136
494 195
64 416
394 225
31 302
204 49
124 185
412 246
181 444
89 154
489 37
5 39
242 409
325 181
463 437
275 441
229 461
190 344
487 243
443 365
228 305
46 280
257 310
472 454
3 441
442 453
130 371
184 146
273 241
110 107
377 362
227 116
389 134
59 9
51 283
207 417
486 445
327 22
86 7
155 87
166 194
493 376
340 297
74 76
67 24
406 105
476 363
465 251
117 473
261 318
287 153
456 290
124 91
294 58
353 176
414 422
230 385
270 363
50 112
320 96
214 367
401 376
199 141
499 408
271 428
377 494
16 267
84 74
353 33
251 489
384 348
42 402
383 167
345 391
302 459
79 152
382 22
368 410
161 186
320 269
456 132
21 70
500 325
258 98
19 380
20 12
296 370
464 375
313 375
33 477
122 283
151 400
76 199
411 451
187 4
110 337
458 392
112 51
448 64
356 387
200 11
35 326
212 109
337 431
449 272
41 478
382 37
303 196
82 202
269 381
365 10
70 208
271 121
359 147
41 245
125 74
241 252
3 493
119 93
222 293
334 111
233 371
387 393
102 281
311 263
412 239
192 144
69 178
292 112
89 408
411 476
240 335
21 84
194 154
488 64
355 147
16 337
143 20
48 470
371 65
393 25
108 140
141 28
91 82
456 500
429 410
324 321
109 246
145 378
333 66
154 22
467 287
223 57
48 372
253 196
330 428
17 445
350 442
132 279
193 315
193 273
12 113
315 94
290 123
431 496
187 281
292 361
58 403
403 344
460 443
48 249
356 142
370 81
485 281
398 242
382 92
220 382
269 347
252 32
345 373
299 485
372 438
255 260
272 115
193 202
425 235
400 423
408 279
94 155
132 205
129 270
115 427
497 290
300 405
282 449
186 115
198 244
36 493
45 10
131 452
421 341
110 493
157 420
222 275
46 498
280 64
216 498
37 246
391 80
143 479
311 338
68 271
325 44
130 85
432 39
126 357
474 76
293 117
489 280
247 290
198 426
97 276
359 109
92 394
330 362
292 488
178 94
103 220
176 286
95 34
244 308
478 84
27 445
431 276
90 436
76 391
82 270
293 296
84 47
236 311
104 8
244 328
155 266
23 197
30 189
58 148
494 493
6 92
53 103
496 423
487 325
15 255
173 153
112 273
131 359
277 325
448 440
312 488
116 106
237 145
287 285
240 10
142 194
21 236
424 249
440 487
206 110
71 296
288 271
111 68
152 121
234 486
414 370
211 293
483 101
5 343
70 394
464 325
148 280
433 231
355 282
373 459
431 31
86 281
444 421
356 480
215 376
12 156
96 73
49 137
15 371
327 301
232 376
311 499
387 450
288 299
123 97
216 136
212 419
163 422
32 105
2 400
431 151
152 430
459 169
141 96
448 113
180 36
379 226
379 7
453 494
321 120
229 34
168 412
325 132
333 34
155 246
52 491
310 266
161 131
366 100
119 11
56 385
109 179
162 58
97 340
327 262
17 71
469 441
314 409
355 111
415 54
194 40
324 64
256 324
368 5
463 121
434 293
361 445
121 146
428 205
444 297
495 162
26 485
387 134
145 325
165 417
153 158
307 183
463 424
106 447
469 339
361 24
430 312
90 289
82 377
3 2
400 73
47 308
470 485
243 492
245 271
262 213
102 84
131 271
488 57
238 27
412 417
216 21
289 395
90 460
444 295
327 65
212 433
406 324
407 11
379 38
475 206
463 432
481 64
437 479
454 350
428 174
46 292
76 370
496 353
18 440
221 214
268 399
189 84
44 423
412 29
125 82
31 222
244 139
478 376
158 413
414 385
70 148
209 161
5 94
132 19
437 79
379 29
24 441
397 293
475 10
80 483
472 492
179 489
349 325
233 305
424 299
268 204
45 303
98 62
60 348
252 75
158 108
317 380
72 368
84 88
195 33
140 397
321 178
233 361
139 51
466 228
102 357
249 227
389 84
265 458
391 382
89 103
257 498
376 246
1 296
465 296
294 422
230 190
181 422
117 412
484 336
146 366
458 204
371 398
217 219
183 323
275 457
490 88
236 23
430 383
361 331
155 475
374 399
402 330
56 274
478 167
321 165
11 210
157 340
476 12
7 195
285 164
462 236
160 61
8 71
220 132
415 274
304 450
213 73
307 125
404 380
169 429
498 169
360 319
54 192
167 76
240 424
222 212
435 234
367 239
98 143
331 102
360 104
438 17
339 62
98 390
68 438
415 431
266 74
259 273
471 167
190 1
291 491
29 101
280 279
15 193
59 148
301 195
414 45
212 225
332 494
380 487
238 198
423 61
418 440
450 21
20 243
499 251
250 1
403 460
265 181
373 357
352 382
18 198
457 214
490 122
335 232
378 459
20 298
490 11
171 108
392 290
342 360
241 166
186 335
107 418
363 396
302 497
336 455
116 122
41 79
137 403
341 454
135 230
254 118
187 415
138 329
9 121
207 380
381 253
34 3
84 82
453 172
258 172
287 370
390 271
335 397
321 225
297 468
203 383
228 166
38 189
140 98
258 354
43 438
261 265
347 121
361 487
462 91
173 348
296 321
260 393
128 161
423 330
472 342
440 376
283 260
479 409
430 437
361 103
356 59
333 172
26 177
39 255
157 346
104 329
189 489
88 201
221 119
157 496
25 138
368 144
107 187
295 442
1 295
257 404
438 163
64 50
396 372
472 356
202 342
477 370
315 153
27 266
319 181
350 248
166 255
451 328
362 462
380 333
190 104
114 311
104 403
419 424
414 7
152 261
164 401
217 367
20 486
20 240
332 370
331 289
245 345
436 362
308 432
484 41
500 399
313 287
197 70
169 368
161 188
494 287
329 434
455 351
413 180
38 209
246 395
491 117
388 343
6 491
77 446
118 496
99 192
212 311
481 250
243 327
394 280
359 355
461 265
297 421
125 471
202 399
36 444
345 459
332 159
468 78
419 57
129 410
349 56
436 45
338 281
260 217
472 351
334 369
346 481
223 111
7 289
166 268
258 317
279 329
234 4
90 480
138 266
207 203
276 446
279 223
372 221
73 487
98 341
86 395
488 97
299 41
422 472
196 164
92 325
459 358
295 182
331 385
497 295
65 45
189 104
13 443
37 256
141 133
37 325
438 356
150 370
157 162
196 182
402 250
495 115
223 85
122 47
417 224
377 192
327 469
26 307
125 129
402 439
100 247
446 168
27 424
