500 800
311 347
160 50
323 304
29 9
326 274
227 394
290 277
489 288
225 398
387 104
200 80
490 278
432 265
168 158
459 292
253 437
236 308
133 34
47 216
6 469
338 232
354 329
237 273
434 484
123 169
376 179
261 49
358 375
266 152
212 49
470 97
371 127
28 244
183 394
80 317
220 35
443 223
1 317
306 408
214 471
311 397
473 354
274 493
169 428
398 54
256 194
47 89
192 189
244 95
273 42
82 345
57 225
208 334
421 264
125 274
81 188
176 250
378 499
479 31
231 447
447 316
163 124
153 148
159 292
487 370
143 433
20 218
168 445
280 236
311 392
391 240
311 101
367 28
60 477
299 46
290 295
110 349
263 10
217 196
182 395
421 458
197 331
99 314
355 438
475 117
460 109
479 136
203 16
25 342
33 424
433 402
208 145
135 248
208 139
213 397
284 268
298 404
472 229
459 280
73 230
128 450
375 298
169 500
256 279
350 341
495 54
167 100
20 103
403 139
439 306
298 305
123 217
349 253
417 175
43 397
168 278
175 289
301 422
164 178
165 223
36 396
150 312
446 373
213 254
22 425
454 245
38 359
231 465
445 365
443 376
323 58
216 97
268 168
234 282
176 52
325 465
366 303
410 326
341 1
477 226
43 436
460 255
480 97
213 169
495 25
323 447
193 136
403 397
250 266
99 87
259 253
44 288
130 182
140 1
419 363
475 229
271 296
79 142
409 352
377 375
443 165
363 438
89 382
217 124
384 121
340 362
114 152
400 102
490 127
260 338
135 42
34 51
342 113
221 189
49 396
433 383
402 492
228 488
210 263
487 466
435 482
437 8
215 337
211 497
208 31
6 80
223 168
309 359
335 129
235 83
13 460
7 257
408 123
92 254
348 84
242 145
203 187
485 113
492 488
169 5
498 314
290 249
45 416
139 19
475 425
419 352
447 181
316 7
1 242
488 124
285 56
321 345
158 312
454 97
412 449
126 94
39 44
151 145
389 306
422 306
176 399
53 209
200 194
246 373
49 476
132 74
321 422
293 253
334 179
97 359
148 58
265 200
315 464
314 160
462 95
12 82
241 367
276 114
86 254
164 346
195 407
234 339
77 363
128 455
449 91
231 11
227 491
400 154
75 496
246 126
417 165
221 99
98 116
364 487
252 19
351 121
320 476
76 176
409 480
17 450
79 380
129 297
298 229
482 4
500 358
63 267
156 38
490 10
80 150
243 254
179 462
26 114
438 209
305 428
230 269
365 175
275 384
301 104
75 280
156 106
403 460
136 332
418 494
195 457
361 197
450 72
307 41
143 309
31 17
393 159
322 198
121 51
246 109
400 98
109 239
368 127
19 404
378 38
220 167
259 427
493 213
473 496
345 162
369 247
269 369
454 365
464 280
238 488
171 435
173 423
221 213
198 353
74 364
152 457
377 15
159 474
40 210
184 296
231 77
137 223
344 40
111 472
434 145
254 212
45 80
208 51
486 141
168 173
452 38
486 248
134 461
475 430
230 368
152 170
82 261
331 169
115 481
120 56
359 210
47 474
426 207
144 294
24 269
404 489
314 375
400 158
70 88
133 252
247 52
464 204
117 129
54 15
216 92
100 59
500 409
159 211
323 217
437 195
363 179
100 490
185 20
416 418
139 311
345 333
260 40
498 457
292 245
62 304
263 328
5 304
275 50
9 345
148 365
434 137
348 491
89 260
112 368
392 5
287 40
96 333
318 466
151 180
203 357
30 239
331 306
473 14
385 357
314 336
439 257
122 381
359 13
431 368
438 253
447 490
457 380
73 285
313 263
175 37
453 247
8 204
487 40
294 85
210 20
443 32
121 476
114 275
170 341
137 231
234 126
337 479
245 192
283 255
396 93
101 131
164 353
289 55
167 475
372 382
238 178
328 150
482 322
29 470
237 195
483 266
460 176
358 90
101 186
395 54
143 340
194 4
152 57
73 266
140 21
314 424
71 368
472 160
273 367
453 260
197 380
316 40
483 42
30 212
293 91
157 237
411 142
246 491
43 179
20 292
498 309
161 96
285 204
42 444
496 209
466 154
109 171
439 375
366 270
58 385
272 406
80 84
25 278
497 461
24 311
309 156
345 105
394 356
457 267
463 323
351 435
228 233
283 220
114 19
360 90
116 222
322 451
360 273
398 466
160 102
69 271
426 258
212 497
85 115
438 274
13 398
272 301
308 404
7 365
92 155
59 230
320 449
179 370
303 404
309 483
354 182
159 147
152 272
470 57
97 153
388 309
53 242
152 244
497 252
229 355
274 166
457 404
456 121
481 97
116 239
430 274
289 13
363 247
351 258
180 52
302 283
187 149
24 301
202 229
500 161
293 59
14 327
118 297
7 63
197 187
163 92
150 281
329 465
35 339
495 279
458 198
226 61
401 22
479 15
162 214
208 142
163 445
477 300
426 339
494 126
3 456
208 27
36 491
173 488
39 479
276 251
397 191
356 409
259 245
422 400
7 48
333 431
145 240
110 166
398 355
98 69
133 134
358 156
8 365
140 388
243 153
245 150
328 289
72 339
401 77
330 218
63 413
55 208
260 233
298 407
279 331
461 415
60 445
96 318
280 156
151 121
212 266
50 424
197 379
83 366
123 244
184 325
258 396
336 445
492 205
143 306
351 63
166 227
489 270
132 343
290 130
143 153
46 170
45 245
196 69
317 245
312 70
319 60
345 279
88 8
442 49
116 327
130 367
90 127
385 205
282 391
262 353
7 150
435 204
362 311
156 351
86 406
126 286
448 288
32 409
301 30
263 243
375 111
350 178
14 355
441 456
116 478
366 252
18 30
420 432
30 406
89 59
64 227
272 73
27 463
398 401
362 238
336 11
23 83
123 126
73 335
177 184
309 320
192 372
180 128
195 404
405 480
30 96
284 253
174 260
146 178
211 450
307 73
351 470
103 299
409 178
352 141
242 151
172 270
142 242
364 259
371 499
117 399
126 32
94 19
353 35
12 211
26 280
211 189
107 385
481 241
104 469
22 393
403 309
477 120
128 121
119 94
491 339
178 418
477 199
463 106
417 241
445 272
26 254
159 86
141 484
78 324
321 492
159 289
76 125
418 431
412 393
369 388
353 272
491 330
291 47
276 469
491 85
21 289
6 38
120 11
494 123
277 70
435 64
435 123
257 280
51 15
364 311
271 299
447 322
191 15
338 40
253 377
182 12
13 228
173 441
22 463
489 258
349 172
400 28
112 162
266 314
449 178
44 439
354 2
442 331
373 193
236 94
492 54
334 480
425 158
15 7
282 20
71 29
455 176
101 221
481 177
464 296
267 306
370 57
451 160
425 463
307 69
73 254
87 430
310 243
83 362
444 53
284 326
451 425
320 98
434 134
404 405
182 290
321 75
163 217
107 15
427 84
167 325
33 351
104 392
465 447
158 428
262 18
174 126
222 59
315 423
460 132
1 484
55 464
292 452
327 156
281 333
386 35
279 198
441 459
369 60
56 445
38 86
413 422
67 438
255 494
413 29
372 481
489 297
261 468
408 169
330 375
172 206
353 206
480 497
301 267
18 348
199 60
466 97
410 86
447 177
436 488
73 65
272 341
183 344
243 53
248 249
481 497
84 196
335 364
298 175
