500 800
118 96
86 61
253 76
73 240
102 336
167 59
282 319
476 144
52 127
80 216
3 102
52 435
345 198
267 289
128 480
203 116
248 75
296 20
26 365
438 290
305 257
100 18
222 18
162 428
170 26
230 185
469 493
243 201
95 452
45 116
420 151
182 97
160 302
161 250
18 16
431 89
366 131
222 444
492 493
279 491
102 355
144 41
127 185
202 205
444 317
52 324
297 108
460 285
211 186
436 242
281 53
345 45
451 161
272 31
43 272
421 278
366 150
121 430
52 359
207 373
257 132
48 469
125 322
346 185
438 151
102 423
435 119
475 448
335 146
481 424
49 158
336 318
200 9
134 405
115 246
205 168
70 86
6 309
440 21
44 464
10 101
337 261
75 282
194 151
186 356
342 374
47 106
75 1
156 371
318 472
333 37
235 133
204 377
336 317
428 236
386 172
97 116
354 144
105 235
225 245
46 47
214 168
100 165
19 91
48 454
492 310
35 314
64 369
53 431
486 26
118 493
469 192
291 359
99 51
393 191
269 273
409 64
71 193
358 345
69 351
5 171
409 228
242 362
124 109
298 383
346 209
382 167
1 449
474 243
242 186
225 277
50 244
288 42
413 97
495 343
419 59
474 423
342 58
27 376
19 348
14 405
484 331
461 234
226 224
385 76
99 472
350 4
23 88
257 116
165 330
27 7
30 126
10 286
288 261
483 215
181 372
257 261
266 63
108 342
262 255
349 29
309 144
350 321
268 62
429 88
491 309
111 155
244 87
175 285
468 125
342 97
302 204
221 115
84 253
399 350
495 205
435 406
67 348
69 481
351 84
354 151
487 157
458 119
103 187
332 36
324 53
467 171
94 412
412 68
339 416
257 30
358 354
425 457
248 457
128 256
59 363
288 47
272 220
354 432
400 209
392 373
208 295
475 489
368 148
69 323
176 352
62 306
231 216
117 248
29 14
370 469
222 372
52 201
205 305
30 248
244 477
422 419
38 219
95 184
188 35
341 326
208 244
423 68
159 340
322 93
84 368
199 318
147 421
500 211
308 52
175 400
467 91
485 447
376 220
153 452
89 209
91 441
31 480
384 110
434 314
39 268
183 52
147 311
106 451
482 103
447 107
480 21
427 435
297 27
228 281
112 270
326 287
378 32
372 112
9 427
447 326
140 239
356 366
97 277
374 264
424 313
157 97
259 105
450 19
166 91
264 327
124 25
290 366
148 227
313 182
170 283
303 36
194 156
208 153
385 477
104 283
377 123
42 153
40 97
466 71
200 76
436 212
482 135
481 239
268 439
132 459
171 338
65 97
133 413
215 94
409 134
147 474
264 203
26 468
105 302
264 114
146 230
430 267
149 79
440 428
166 428
474 179
201 101
294 158
265 398
264 369
261 205
370 473
69 114
10 387
417 349
174 152
364 444
265 250
71 11
29 347
271 316
103 45
35 199
358 365
283 456
337 343
52 351
49 436
240 169
377 101
92 38
73 492
92 198
190 293
360 424
384 198
222 423
371 226
431 291
494 298
489 104
474 92
86 182
182 217
258 46
343 243
314 338
122 305
394 213
144 400
426 32
332 349
108 402
269 338
124 318
8 6
399 325
335 330
202 463
409 436
87 105
486 201
58 433
496 451
261 234
191 135
337 203
96 284
355 290
120 275
325 340
292 317
96 91
339 307
388 89
438 387
151 380
232 304
30 240
291 5
429 375
348 121
114 488
403 298
358 439
403 87
492 102
150 456
350 308
74 77
113 301
51 66
12 33
407 27
475 286
441 354
419 92
31 491
202 341
483 148
94 421
201 27
122 343
364 125
15 58
94 427
325 427
59 28
10 79
202 190
34 335
453 342
386 218
6 46
18 252
233 123
137 293
297 271
18 87
270 479
115 203
125 253
67 324
400 121
302 439
461 100
147 128
96 108
98 58
255 418
494 114
228 407
239 287
417 91
195 290
425 27
317 274
194 55
281 291
470 174
471 382
315 223
46 98
459 448
226 97
268 99
161 316
15 454
29 205
333 411
218 245
135 447
39 380
480 119
355 364
489 416
32 235
171 387
261 118
489 48
371 499
282 99
58 437
419 285
6 365
310 242
353 395
121 42
146 317
324 221
335 204
22 305
391 180
160 263
321 27
194 142
257 385
34 323
92 482
212 453
13 1
210 15
306 224
495 124
321 24
358 108
305 435
276 350
74 371
470 307
272 428
493 378
256 323
467 454
275 432
460 53
294 479
101 293
95 236
82 373
209 287
192 392
227 308
280 194
450 211
336 200
321 496
442 463
86 253
466 222
499 320
83 396
163 469
34 191
251 307
153 256
303 333
299 311
57 418
476 381
320 17
452 142
446 74
354 476
356 380
375 222
428 499
224 327
51 188
269 199
305 220
246 323
327 293
48 271
426 445
104 234
365 145
451 341
385 468
371 410
171 403
18 340
22 76
270 188
114 425
475 431
214 239
369 32
19 72
75 230
135 467
61 270
153 265
364 387
416 434
465 2
240 83
218 471
298 103
205 102
359 390
451 411
332 111
352 283
194 342
484 117
294 83
87 451
211 52
306 319
307 393
289 336
7 282
106 48
122 74
332 317
6 473
488 166
184 461
378 136
312 377
299 346
148 492
184 195
9 41
381 373
292 201
335 222
134 335
467 89
63 256
498 112
321 340
462 139
402 339
299 352
363 184
354 64
109 300
432 472
389 363
262 471
172 373
253 13
233 394
89 56
347 202
146 342
74 185
494 410
371 304
409 95
407 484
232 68
44 341
193 120
145 493
183 11
415 137
322 397
8 59
245 48
414 201
193 214
47 347
246 198
374 477
76 41
71 347
265 58
242 296
218 324
327 180
183 44
35 266
205 359
464 375
392 52
167 100
127 164
228 270
300 376
156 55
276 457
329 257
115 481
237 495
152 486
32 129
426 396
28 362
409 277
262 326
476 116
299 466
57 442
26 130
332 227
334 233
391 77
226 94
33 75
228 101
145 314
294 364
291 293
137 493
268 415
261 379
327 209
24 450
248 286
29 276
149 153
330 159
62 290
269 366
377 6
348 55
111 454
244 53
478 325
278 10
421 487
211 244
357 308
188 420
67 235
300 466
495 347
439 288
463 91
350 243
5 300
80 72
132 310
274 341
138 498
388 32
419 300
8 284
281 227
59 426
261 311
85 48
270 67
333 284
83 269
12 179
289 387
197 185
6 363
14 365
360 284
380 171
262 129
492 271
240 283
32 229
85 69
391 308
186 489
223 474
252 99
290 254
382 110
255 427
459 460
431 119
220 423
254 215
51 214
478 496
344 211
476 400
322 301
259 364
12 493
309 293
255 136
185 243
24 439
495 15
317 472
205 162
223 193
423 44
172 118
449 211
326 400
162 171
59 458
488 153
101 460
29 317
147 134
367 368
338 173
276 252
3 88
266 219
216 70
357 114
40 366
282 498
295 265
334 482
452 181
135 238
498 218
52 230
460 55
149 23
250 23
460 496
7 347
130 327
189 404
198 130
384 376
413 77
481 299
457 391
480 234
147 307
307 156
65 279
70 316
164 178
33 179
94 105
236 12
271 422
46 386
149 391
24 230
274 311
489 143
12 137
470 191
484 365
266 306
217 481
3 329
