500 800
425 345
12 219
36 348
117 471
25 398
107 77
127 361
463 500
232 356
420 328
159 271
114 445
258 484
366 67
444 315
153 442
260 342
459 153
358 367
370 111
125 282
346 207
60 263
243 372
364 236
84 338
30 437
194 355
367 250
125 355
120 282
322 175
336 303
137 210
242 183
169 497
66 455
84 298
138 480
270 15
247 85
231 209
14 236
232 442
6 356
485 293
410 59
402 27
29 475
149 183
290 492
152 381
482 403
481 58
66 435
5 3
19 306
1 301
263 329
373 271
467 430
351 493
443 290
91 352
352 147
233 369
184 128
55 440
23 13
359 400
424 108
140 68
305 108
340 188
469 411
87 197
300 487
24 162
295 422
345 500
20 323
176 224
75 208
148 126
413 38
412 103
205 112
391 196
125 160
132 171
56 189
458 429
335 18
53 262
312 90
425 57
121 87
75 150
249 155
284 240
469 393
217 296
259 483
91 51
188 488
454 354
170 373
50 378
225 246
314 56
174 394
466 269
89 484
18 43
155 205
118 104
216 257
164 206
478 61
404 114
102 159
213 30
372 230
271 470
226 440
142 21
7 59
33 16
57 33
5 110
14 314
234 457
479 467
342 155
150 495
165 221
119 315
391 20
490 115
430 379
348 260
68 55
341 65
209 299
457 423
447 205
5 455
150 111
296 263
415 145
218 54
10 226
430 423
233 71
157 159
491 348
238 301
288 380
123 274
486 309
434 345
482 120
29 259
336 371
299 150
18 461
221 113
469 355
498 400
443 85
448 355
150 496
262 295
74 394
119 463
12 317
441 65
142 177
277 433
298 349
414 186
124 147
406 477
205 241
498 490
158 139
425 438
125 483
500 342
89 53
165 19
154 303
308 85
405 160
148 330
14 367
62 39
91 334
52 99
186 6
449 104
494 497
18 174
311 312
408 224
219 294
258 170
308 105
461 337
393 372
273 325
66 93
286 432
150 452
498 308
81 49
449 410
340 193
40 132
415 209
53 171
482 296
216 294
100 116
416 351
365 259
347 314
252 236
460 163
256 416
468 46
85 453
119 71
156 87
290 345
294 469
437 404
259 415
476 353
104 374
173 221
344 197
436 94
166 167
410 164
380 48
20 76
413 388
279 227
495 281
392 250
3 294
407 311
39 77
492 205
20 233
427 29
204 302
303 399
324 104
22 295
219 329
163 465
183 59
47 33
122 415
225 263
258 40
353 82
406 200
94 402
314 305
168 216
83 237
186 390
405 426
80 182
306 289
362 173
277 88
176 329
411 320
454 430
416 460
101 428
86 453
457 377
199 220
99 177
226 167
255 343
344 217
48 339
128 308
90 344
342 330
9 177
414 275
493 14
39 378
387 496
359 7
103 343
33 102
319 447
76 284
417 458
284 275
216 11
112 452
299 61
489 345
421 440
300 338
483 195
371 131
358 336
475 13
80 175
372 43
102 440
93 394
203 343
53 292
272 434
268 208
16 403
47 446
51 1
393 478
245 65
38 175
439 323
160 44
31 266
226 468
5 152
236 121
478 390
85 227
372 151
309 217
224 187
430 88
241 268
218 65
219 312
417 293
399 453
274 47
47 474
300 273
198 444
23 251
245 68
495 155
90 15
462 370
163 229
160 235
253 403
243 106
476 426
285 28
65 123
301 452
88 23
321 306
40 25
403 64
267 333
81 262
15 123
469 470
471 220
323 142
319 98
262 202
279 143
135 130
212 198
250 464
454 465
322 459
227 249
410 150
412 266
163 22
255 38
455 41
19 57
91 455
67 266
262 345
300 302
393 11
375 79
227 164
144 439
220 399
43 76
247 416
87 334
322 24
252 329
290 458
398 329
269 100
391 310
322 113
438 312
36 491
378 493
346 411
372 174
251 403
416 78
378 477
396 470
119 92
122 203
40 230
410 61
62 303
89 440
152 99
387 189
208 407
188 87
140 31
238 23
277 288
494 174
74 186
138 214
468 188
316 397
324 333
248 169
249 3
322 152
6 486
196 86
312 395
119 413
312 272
123 290
269 198
125 232
270 17
322 387
315 284
482 123
98 463
233 103
230 8
465 326
37 113
145 439
36 437
166 145
15 416
96 26
250 487
250 126
251 425
191 175
354 232
193 175
54 480
184 159
175 388
175 47
398 401
393 342
471 191
173 440
219 253
498 112
186 190
131 251
410 286
278 442
97 119
280 252
340 191
80 249
452 54
74 173
192 50
255 185
100 313
111 476
234 276
190 292
38 347
47 336
174 68
496 122
401 21
408 144
403 170
90 192
15 179
74 375
363 385
451 494
382 254
89 371
184 425
352 282
151 356
126 460
255 462
443 486
427 187
428 314
438 158
257 123
99 236
47 478
241 463
243 381
159 458
138 62
452 242
209 433
75 101
350 220
196 388
370 334
98 221
82 453
68 429
47 187
254 138
265 20
416 320
42 54
41 196
332 202
339 212
424 21
36 499
315 460
141 306
441 51
158 42
53 140
299 482
395 196
40 275
173 338
82 164
338 226
110 72
405 401
210 415
262 434
68 69
459 416
413 248
249 395
187 236
197 184
359 191
410 430
354 53
427 265
235 380
398 34
37 350
68 316
232 437
325 211
156 303
59 348
74 22
15 326
173 93
37 418
260 333
426 154
92 197
380 285
417 460
121 98
137 242
11 381
205 197
281 125
258 155
53 106
30 299
391 383
406 30
192 384
433 447
436 434
402 197
390 346
483 274
441 485
309 199
363 293
239 17
481 170
307 404
233 137
15 486
228 209
485 350
140 247
207 331
136 309
103 132
102 16
294 116
2 263
49 493
359 71
167 176
223 17
425 464
218 401
55 76
53 488
466 389
359 372
409 332
109 106
4 203
234 374
387 488
452 271
64 269
157 16
298 8
411 168
273 124
117 206
147 287
128 271
446 62
153 83
11 294
500 161
398 72
58 254
362 255
468 121
100 91
3 281
89 114
410 18
153 48
297 320
363 308
156 475
5 22
360 115
444 491
411 348
377 392
475 348
293 245
432 361
500 12
251 109
218 133
15 304
292 311
307 320
335 400
500 381
75 126
190 418
104 338
49 154
329 20
315 313
478 196
374 335
263 346
138 491
105 56
222 224
378 191
284 69
34 246
282 135
424 370
372 15
286 208
111 82
75 171
282 226
499 347
403 36
81 445
158 27
420 190
11 311
252 297
122 65
219 99
122 23
333 318
325 397
359 358
352 351
2 436
198 458
271 84
322 439
84 367
368 404
445 144
74 460
238 177
371 476
4 470
484 5
197 414
272 313
176 227
346 262
200 378
11 473
290 254
500 399
355 271
207 392
341 4
377 149
148 318
220 473
340 476
150 232
461 301
180 434
51 435
113 271
162 413
42 310
24 491
464 288
101 395
142 52
444 488
313 442
95 258
484 50
127 90
54 238
219 454
234 410
495 248
270 420
258 367
492 169
265 309
104 364
236 399
466 500
465 263
90 173
215 103
218 278
288 412
357 234
131 486
364 47
123 461
347 85
311 370
494 266
2 223
101 173
120 154
300 314
52 299
464 239
442 253
277 352
13 135
27 89
48 157
489 3
6 74
132 405
145 448
362 294
328 248
129 281
281 74
192 486
340 233
95 63
99 98
