500 800
232 94
85 230
319 120
161 349
301 460
400 242
472 403
450 3
412 85
113 440
462 293
323 455
171 417
465 198
113 3
103 121
125 109
122 286
190 369
302 285
92 307
92 396
398 8
324 316
58 93
85 344
238 234
215 345
344 299
8 258
342 301
371 52
490 156
114 118
323 116
467 331
201 321
449 112
54 16
195 184
362 179
360 63
384 284
190 346
310 7
173 416
415 441
154 446
245 312
440 327
291 389
23 209
119 114
11 455
213 192
467 87
117 334
489 452
405 81
341 36
227 340
445 1
338 111
57 382
358 109
175 234
266 480
322 114
218 225
30 154
14 292
378 125
274 251
480 220
304 270
412 148
248 306
478 385
84 182
103 479
143 329
489 494
313 155
368 470
132 72
138 350
421 350
235 139
28 319
108 118
441 259
83 321
82 256
402 500
435 363
69 25
209 355
53 37
144 19
316 245
66 41
388 45
304 298
435 84
357 385
360 401
495 436
212 442
386 476
428 181
362 115
461 398
356 423
245 227
211 359
343 164
310 94
272 348
238 76
97 236
282 114
68 389
188 232
300 431
475 124
486 159
168 409
184 365
260 264
36 477
286 442
243 137
261 43
396 415
387 40
335 99
319 71
308 470
491 172
480 29
324 172
475 205
345 299
457 217
335 122
9 187
411 438
97 218
69 438
220 321
124 131
140 92
330 220
103 209
173 57
499 334
148 377
466 146
480 485
217 276
106 82
468 64
249 21
469 421
183 91
460 334
98 417
180 55
252 360
358 32
281 438
105 395
369 386
74 173
7 320
478 431
34 278
349 95
487 371
380 364
330 288
41 143
178 297
305 363
246 146
131 95
26 323
283 295
259 125
413 38
491 475
51 76
111 316
238 363
48 203
400 478
418 215
41 268
332 331
18 80
351 146
243 268
181 406
294 282
301 447
369 265
340 341
407 404
44 458
22 496
17 283
115 364
203 345
101 56
438 164
485 350
154 343
111 467
42 45
235 87
418 454
123 413
224 344
277 311
173 215
55 425
257 260
305 154
273 405
159 268
128 40
348 6
271 198
180 227
204 470
288 339
285 246
427 242
274 79
177 138
412 275
149 126
42 136
332 23
214 377
131 493
93 45
346 255
131 166
46 182
56 366
247 465
488 482
53 122
112 445
178 39
54 232
268 365
397 285
404 431
317 179
14 345
22 333
460 160
497 47
225 239
333 52
392 55
63 298
311 173
228 122
105 474
386 43
119 318
311 127
425 228
56 81
382 455
182 193
161 432
386 87
475 64
472 148
203 138
257 320
135 148
80 249
486 257
466 421
295 92
279 300
449 204
139 413
154 73
79 5
107 387
329 320
56 261
429 30
334 211
52 439
232 360
365 103
344 89
34 170
217 47
454 492
62 49
155 290
88 235
208 194
21 81
288 271
188 73
248 232
360 268
445 356
347 481
125 151
386 368
274 424
349 445
354 482
57 148
451 199
159 315
440 268
168 400
157 304
449 163
277 59
192 152
9 223
449 9
131 388
105 138
21 200
351 3
370 98
341 237
486 403
128 191
134 183
385 18
235 323
292 377
12 239
149 90
190 151
426 403
117 277
239 187
497 210
211 172
288 320
434 374
240 425
85 392
121 25
324 19
98 219
442 430
468 296
121 419
422 456
498 59
350 295
131 312
114 321
293 77
371 284
379 366
353 136
412 200
2 279
356 321
323 136
297 445
220 462
419 457
450 341
269 475
141 109
104 43
99 370
211 231
275 331
145 43
3 55
63 475
94 409
215 87
45 263
303 374
156 237
253 301
313 388
76 320
71 94
400 258
202 241
438 20
141 432
378 226
115 323
232 211
396 402
491 180
358 372
486 212
119 340
395 51
226 261
379 474
217 306
131 348
78 116
338 63
295 320
472 213
320 494
28 498
80 175
49 280
133 264
41 260
284 34
363 471
134 256
129 402
171 74
307 317
348 490
466 202
161 59
186 296
97 387
392 411
65 207
391 373
324 407
316 474
370 225
95 486
60 22
467 298
262 370
148 301
17 302
275 351
122 183
164 44
295 319
199 251
88 457
350 227
155 132
14 290
60 152
171 320
382 310
147 226
26 210
3 386
205 129
226 260
364 45
217 427
61 202
382 396
156 99
39 417
252 361
203 400
487 427
72 152
139 209
419 9
267 378
146 48
198 276
389 303
284 301
106 11
43 338
132 180
8 321
481 424
190 416
425 341
262 46
174 426
279 291
481 458
159 152
139 202
447 352
75 87
389 94
356 482
344 37
62 362
59 287
140 17
83 266
265 188
95 493
58 381
23 226
404 52
246 164
207 444
440 161
297 456
380 394
56 299
209 251
252 398
240 127
479 46
111 40
390 270
199 297
353 296
149 167
345 482
454 117
418 483
192 44
123 144
207 172
271 213
290 33
123 161
159 130
308 237
66 415
60 169
247 363
417 499
226 464
358 259
408 388
116 40
160 372
34 264
192 157
445 346
426 152
311 116
28 174
424 245
458 128
275 41
252 347
61 440
73 310
157 27
66 49
279 301
161 173
227 242
454 270
7 183
161 41
48 213
418 194
463 331
190 167
99 126
304 315
458 401
309 403
128 145
387 60
336 20
231 453
345 194
37 141
158 125
324 82
245 193
425 201
53 85
422 460
211 81
377 150
236 54
100 111
114 324
307 213
197 414
428 349
203 260
452 296
477 31
110 397
132 21
27 179
86 301
293 414
271 196
227 244
51 349
468 430
390 4
345 447
268 377
49 287
91 132
236 300
368 42
480 272
376 253
142 42
119 335
496 467
500 438
304 441
494 138
252 334
251 377
62 472
34 111
35 129
167 220
329 448
100 193
391 385
472 9
286 129
69 264
440 20
383 486
147 432
116 499
94 419
246 372
431 210
18 264
427 432
424 143
69 318
370 102
321 340
17 395
235 499
168 233
321 269
224 66
60 96
121 286
294 406
474 16
260 54
133 439
274 20
137 97
40 302
160 381
30 382
460 67
12 256
302 144
96 307
386 145
175 156
265 463
135 469
202 493
465 134
487 141
85 325
381 239
3 183
134 207
267 487
299 154
178 235
327 330
315 301
419 174
22 192
377 66
309 416
426 291
129 351
454 179
498 144
386 230
492 344
90 354
229 1
279 101
110 309
387 272
154 106
182 474
428 101
261 311
66 46
474 210
105 414
161 130
7 457
214 407
21 31
345 339
343 360
389 279
15 497
235 396
29 463
496 172
211 412
210 351
85 399
203 110
285 113
363 411
104 74
162 369
97 174
233 64
116 490
449 376
473 440
96 84
232 46
70 73
353 108
432 144
184 125
281 306
224 306
298 64
262 368
398 310
365 206
432 398
21 380
454 280
14 76
376 11
479 365
23 390
329 18
491 378
442 56
86 283
460 46
388 255
100 88
45 68
487 408
274 121
153 164
480 77
490 252
426 230
30 180
245 371
125 492
45 255
432 488
31 326
469 416
65 298
365 449
268 451
239 75
64 343
286 483
437 402
120 70
142 269
112 156
496 237
271 11
281 171
77 203
136 425
103 307
390 500
63 488
384 401
276 489
493 241
244 10
428 197
279 413
484 251
101 447
50 158
414 428
343 101
277 320
481 215
207 343
484 385
