43 50
1 2 3 4 5 6 7 8 9 10 11 12 13 14 15 16 17 18 19 20 21 22 23 24 25 26 27 28 29 30 31 32 33 34 35 36 37 38 39 40 41 42 43 44 45 46 47 48 49 50
50 49 48 47 46 45 44 43 42 41 40 39 38 37 36 35 34 33 32 31 30 29 28 27 26 25 24 23 22 21 20 19 18 17 16 15 14 13 12 11 10 9 8 7 6 5 4 3 2 1
11 6 20 49 15 24 48 14 3 9 45 47 17 43 44 26 22 2 37 16 8 5 25 18 40 30 41 38 10 21 33 29 12 7 39 50 19 4 42 46 32 13 36 23 28 35 31 34 1 27
20 21 13 28 45 30 32 26 11 23 2 36 17 16 19 47 4 41 29 38 18 14 22 31 6 37 35 3 46 10 40 42 25 33 9 50 12 49 24 5 43 1 39 7 48 15 44 34 27 8
20 15 19 30 37 18 24 48 36 39 21 31 9 28 44 12 25 16 10 32 50 17 8 38 49 41 43 4 2 22 29 27 13 14 7 45 1 23 33 5 26 11 3 42 6 47 40 34 46 35
24 38 29 5 34 32 1 30 31 7 14 48 27 26 49 50 3 42 46 20 21 22 8 23 18 6 43 47 12 36 39 11 45 9 16 15 17 44 13 2 10 35 41 28 40 33 19 4 25 37
35 36 17 3 18 50 49 10 38 39 4 6 27 25 43 12 16 5 26 13 32 14 48 28 45 31 7 9 33 42 24 21 29 41 20 40 34 47 46 30 1 19 2 22 11 44 8 15 23 37
43 1 30 7 32 19 16 29 21 22 37 38 42 46 13 36 40 12 15 20 31 14 6 41 24 27 9 23 45 10 48 26 50 5 49 25 28 34 44 2 8 18 47 4 35 11 17 39 33 3
24 39 22 21 20 4 49 34 16 36 7 30 23 31 13 11 9 43 45 28 46 14 29 25 38 18 32 40 8 19 10 15 42 47 50 3 5 44 1 33 48 37 27 2 17 26 35 6 12 41
22 44 3 50 12 11 39 23 1 49 20 4 25 34 21 45 17 48 8 18 26 31 7 16 28 40 14 2 5 46 6 36 9 35 30 10 15 24 13 33 29 37 43 47 42 19 38 41 27 32
33 15 16 4 28 35 9 24 34 3 45 25 10 20 48 40 30 43 18 29 7 6 44 12 26 36 46 22 38 21 50 17 14 39 31 23 49 8 42 37 13 19 11 5 47 1 27 2 41 32
38 32 15 45 8 33 24 26 3 7 6 25 37 23 31 10 4 13 27 20 11 19 35 9 46 36 16 47 2 29 50 39 30 28 18 5 21 49 44 40 43 41 1 48 42 14 12 17 22 34
32 8 10 18 38 46 14 24 39 13 2 6 34 36 40 3 4 44 37 5 30 22 28 7 41 27 15 26 35 43 47 21 31 20 19 16 29 1 42 45 33 50 48 17 11 25 49 12 9 23
22 43 24 48 10 11 14 30 44 41 13 37 39 21 4 15 3 19 12 6 47 36 31 40 26 20 34 5 25 2 46 16 1 8 42 17 38 33 35 32 18 28 50 23 49 7 29 9 45 27
11 29 22 50 41 40 1 14 45 12 23 10 39 18 4 5 47 30 27 38 20 35 36 48 28 25 7 6 49 24 15 3 32 33 2 26 42 8 37 16 34 31 43 13 46 17 19 9 21 44
21 36 14 18 48 47 3 15 39 44 37 38 2 50 23 30 33 46 24 1 42 31 12 35 27 11 25 19 28 6 17 29 34 20 41 13 26 16 43 22 40 49 32 9 7 8 4 45 10 5
10 15 34 12 7 38 18 36 1 31 20 49 2 42 23 33 43 32 27 47 8 40 11 4 24 50 37 25 3 39 13 17 21 48 41 44 28 5 30 16 29 46 26 9 22 35 6 19 45 14
45 1 34 23 43 13 8 2 17 25 30 27 38 36 26 22 24 21 32 49 18 7 47 35 41 10 48 31 37 6 9 39 4 44 5 14 33 12 42 3 11 15 46 40 19 50 28 16 29 20
4 19 26 21 5 38 20 23 43 6 29 42 36 25 41 10 47 44 18 7 49 8 9 2 35 40 14 3 39 46 37 50 1 17 16 22 48 32 45 12 24 11 28 31 13 15 34 33 30 27
42 49 32 19 46 12 33 44 43 41 27 1 8 35 20 22 31 7 47 37 28 34 40 2 48 14 3 50 23 21 6 17 16 24 29 4 15 36 18 11 9 38 5 10 25 45 39 30 26 13
29 5 41 26 18 7 6 39 3 42 43 30 34 45 48 32 46 36 17 44 47 27 14 50 24 23 25 11 19 9 28 37 16 13 21 40 4 1 31 35 10 15 2 12 22 20 8 33 49 38
22 33 18 23 2 38 42 21 39 17 10 29 12 14 32 30 44 24 34 4 13 11 41 50 37 7 31 40 43 16 35 28 9 20 36 5 15 27 47 45 1 26 46 48 19 3 25 8 49 6
4 35 12 38 50 47 7 8 15 3 2 25 43 13 36 18 31 6 11 33 17 46 27 32 34 14 30 5 49 44 22 9 37 21 10 26 41 42 40 48 16 45 24 20 1 19 23 29 39 28
50 32 36 14 18 12 40 49 22 31 46 47 41 39 3 13 48 7 15 6 10 24 4 16 20 45 35 42 5 30 2 34 23 19 28 33 38 25 43 26 8 1 17 37 44 21 9 29 27 11
5 7 12 10 50 43 33 42 8 47 45 28 31 27 49 22 14 40 17 44 11 25 19 3 29 38 35 18 32 1 39 26 41 21 46 16 36 9 4 23 30 48 2 37 15 13 6 20 34 24
50 31 34 5 17 36 43 10 9 47 20 14 26 4 40 48 16 21 33 28 15 3 29 2 39 6 30 35 19 11 41 42 44 46 13 25 27 12 22 23 8 18 49 37 32 1 24 45 38 7
50 36 21 19 12 26 40 47 7 43 23 35 9 4 24 10 18 34 38 14 15 17 46 48 45 37 30 39 28 44 5 3 2 11 31 27 41 8 25 49 33 22 42 6 32 1 16 13 29 20
48 44 30 45 4 31 13 35 27 46 8 33 37 6 32 47 15 18 2 43 38 40 7 42 39 1 29 10 12 34 5 23 17 11 26 3 49 19 21 22 9 14 28 36 20 24 16 25 50 41
38 8 39 35 45 49 19 31 9 46 10 7 33 34 3 13 4 43 36 18 2 24 22 17 37 29 26 48 44 14 15 6 23 32 12 47 1 40 25 27 50 5 28 41 30 20 42 16 11 21
38 14 47 40 17 12 33 46 28 44 43 26 18 49 36 42 41 50 9 25 34 8 10 21 20 19 29 32 35 1 15 11 30 39 31 2 6 4 7 27 13 5 3 24 23 37 48 45 22 16
12 50 28 45 25 32 39 20 34 5 40 36 22 43 46 26 14 30 16 1 44 10 29 6 2 33 31 3 42 41 37 18 38 4 24 35 47 48 21 49 23 11 15 27 17 19 7 8 13 9
1 3 19 12 32 27 46 25 40 43 8 4 50 30 20 38 5 14 31 23 47 37 28 33 34 16 9 42 36 17 18 45 48 29 6 2 13 39 21 49 35 11 22 10 41 24 7 15 26 44
4 2 36 21 31 24 37 16 7 17 39 41 10 49 27 44 29 50 38 8 28 1 23 14 32 12 9 3 11 25 34 15 47 13 45 48 6 46 26 42 5 19 20 30 33 35 40 18 43 22
5 35 10 47 37 1 28 22 41 18 39 15 20 3 46 38 33 14 40 17 16 43 49 26 27 2 36 24 34 19 31 21 7 32 45 11 48 50 8 42 30 6 44 23 13 4 9 25 12 29
35 38 39 32 20 46 16 27 7 19 28 40 10 5 30 2 22 17 37 23 43 47 24 13 3 41 15 11 48 1 36 6 44 14 8 18 34 4 45 42 12 33 9 31 50 49 26 25 29 21
42 32 37 4 39 36 35 18 3 22 40 17 16 47 29 21 13 25 14 33 48 10 11 15 1 30 2 31 9 20 12 50 28 34 19 7 8 6 49 24 5 43 44 38 27 23 41 45 26 46
40 26 17 47 8 20 12 11 9 29 27 50 28 13 4 48 6 46 25 10 7 34 31 38 43 24 19 32 15 16 5 41 36 30 35 33 44 2 3 14 18 45 37 21 23 42 39 22 1 49
44 24 5 38 2 3 9 6 45 28 8 40 39 42 16 29 15 32 11 27 14 36 26 22 13 35 7 25 49 43 33 10 41 19 23 50 18 30 17 48 21 1 37 12 46 34 20 4 31 47
26 27 36 10 1 7 14 46 45 29 32 4 47 23 39 8 24 42 30 16 50 6 17 41 40 11 2 20 38 33 12 15 48 22 5 19 18 44 25 9 35 21 34 43 37 31 13 49 28 3
30 31 23 26 48 11 44 41 49 33 46 39 37 27 29 28 7 43 2 19 12 25 35 47 6 16 34 42 3 17 5 38 13 20 21 24 10 50 14 36 9 15 45 18 4 40 22 8 1 32
35 32 20 2 6 45 10 41 49 31 39 11 19 48 47 38 40 16 27 5 37 42 44 46 25 7 12 15 9 36 24 14 23 1 22 34 50 3 8 29 33 21 28 17 26 30 13 43 4 18
37 18 44 21 7 14 32 48 49 20 38 35 46 50 1 6 10 47 27 8 17 22 24 33 45 29 2 39 36 16 15 19 9 13 41 34 4 31 12 5 25 40 28 23 11 43 30 26 42 3
6 33 5 1 12 2 31 11 10 13 9 18 36 7 37 27 42 26 48 8 40 28 4 35 47 24 34 32 49 19 23 20 30 50 16 15 43 41 45 29 25 21 44 22 17 46 39 3 38 14
