21 34
1 2 5 7 10 9 8 6 4 3 12 11 15 17 18 19 16 20 21 14 24 23 22 13 26 27 25 30 32 31 29 33 28 34
1 3 2 7 6 15 14 16 13 18 20 23 26 29 30 28 27 33 32 31 25 24 22 21 19 17 12 11 10 9 8 5 4 34
11 2 30 1 34 17 18 19 23 10 16 33 13 7 25 9 22 27 4 8 21 24 20 5 15 26 12 28 29 6 31 3 14 32
25 20 17 4 5 34 3 12 29 23 24 21 30 32 18 6 16 8 19 31 13 22 26 28 33 14 27 10 7 9 11 1 2 15
1 15 34 7 17 3 29 31 6 19 22 11 23 2 27 14 9 10 18 16 21 8 20 24 5 33 28 25 12 26 4 30 32 13
26 33 28 13 5 21 17 30 9 6 14 20 24 25 29 16 8 7 1 15 2 22 23 10 11 32 18 4 27 3 34 31 12 19
1 2 6 5 7 8 10 11 14 15 19 21 29 28 33 32 31 30 27 26 25 24 23 22 20 18 17 16 13 12 9 4 3 34
10 3 34 23 17 6 20 8 9 14 12 11 28 19 33 22 18 27 21 13 26 25 29 32 16 31 15 4 30 2 5 24 7 1
14 6 1 21 27 31 8 28 5 10 13 15 16 17 34 4 33 29 11 32 23 22 18 9 25 26 20 7 2 30 24 12 3 19
3 4 2 5 1 6 7 12 13 14 11 10 9 8 16 17 18 15 19 20 21 23 24 22 25 28 27 29 26 33 32 31 30 34
26 13 30 18 29 25 7 5 9 17 8 1 34 15 19 32 3 10 31 20 16 27 22 24 33 11 12 28 4 14 21 2 6 23
4 22 5 7 14 13 1 34 12 26 17 31 21 20 32 16 30 24 19 15 9 27 18 25 33 28 6 8 2 11 3 23 29 10
5 4 3 2 6 8 11 10 13 14 16 15 12 17 18 9 19 20 7 22 21 23 1 25 26 24 27 29 28 30 33 32 31 34
1 2 6 5 10 9 8 7 4 12 11 13 15 14 18 17 16 3 19 20 21 22 25 28 27 26 29 24 23 30 33 32 31 34
1 2 18 4 22 9 14 21 30 28 11 3 6 25 15 32 5 13 31 26 16 29 8 24 10 20 12 19 7 23 17 34 33 27
4 6 8 11 14 16 18 17 15 13 12 21 20 23 22 24 19 10 9 7 5 3 2 1 26 25 27 28 30 29 31 32 33 34
3 2 1 4 5 6 9 10 11 13 14 17 18 16 21 24 25 23 22 27 28 30 29 31 33 32 26 20 19 15 12 8 7 34
1 2 31 21 23 32 28 26 25 10 34 33 24 14 13 15 9 17 5 18 30 12 22 20 3 6 11 7 29 4 8 19 27 16
3 4 5 2 1 8 9 7 10 6 12 11 13 14 17 16 15 18 19 21 20 25 26 24 27 29 30 28 23 31 22 33 32 34
3 2 5 4 1 6 12 11 18 17 20 22 21 25 27 31 30 32 29 33 28 26 24 23 19 16 15 14 13 10 9 8 7 34
10 29 27 1 26 6 3 33 20 13 12 24 4 14 28 11 5 18 8 9 21 22 15 7 19 25 34 17 32 30 23 31 2 16
