100
517996
949024
658373
702880
124001
213034
780343
5909
845701
626543
540573
546997
517736
861681
561368
264034
607920
926093
361586
126505
868358
455032
230907
904887
606818
732308
222448
73911
626885
935421
23915
953265
501460
733587
298534
289107
881755
98009
669566
94023
981940
921960
232373
490060
363322
623189
610437
527622
904657
385044
1976
455381
494518
333980
298797
861001
927420
181859
307889
484855
302507
46361
106547
433752
337451
45593
297982
614122
131494
965920
135691
562036
431132
79165
723104
742774
330645
740082
923587
969511
491075
338549
602315
653366
931242
614834
453795
716952
663718
404024
362766
84717
445174
197780
750174
194305
743817
62016
812827
959355
