100
534803
424273
824799
646538
232931
424306
807887
856787
623624
380605
621366
501515
518581
104723
369355
786537
890247
457822
256779
669117
929014
804554
564969
518397
252731
819594
231900
354189
978701
247109
439365
761091
114972
662854
538697
166740
979087
477158
422498
169197
493907
448985
650119
309396
5160
714934
552018
421713
544851
571401
553330
376534
627579
208277
330818
432491
231897
400408
333772
545758
546582
501027
835096
68129
651605
852446
838959
461530
956075
340853
912342
17370
459767
3531
863322
132588
586061
294618
779365
487533
731543
74996
677944
99867
994112
65382
483900
527356
499522
114675
144954
905840
244679
961015
156926
442224
196886
708706
167265
528852
