100
551610
899522
991225
590196
858214
635578
835431
224018
917900
134667
185806
939680
519426
347765
177342
825393
688927
989551
635619
211729
473317
637723
382678
131907
898644
390527
724999
150820
330517
558797
854815
85270
244837
592121
778860
44373
76419
372660
175430
728018
5874
976010
551512
645085
646998
806679
977246
832157
701398
274111
104684
814040
244287
566221
846486
520334
20021
618957
843302
606661
790657
472046
79998
186153
965759
175652
379936
308938
780656
715786
172640
956351
488402
927897
487187
38755
841477
849154
118790
5555
455658
295090
753573
62721
56982
999577
30358
854113
335326
825326
927142
243316
560537
207897
80031
690143
133602
355396
521703
581996
