100
568417
374771
641298
50207
483497
846850
862975
591249
212176
888729
266599
894198
520271
590807
985329
347896
487607
521280
14459
754341
17620
987245
716740
229064
544557
477813
218098
947451
198686
870485
270265
409449
858349
521388
19023
438359
657398
268162
928362
286839
34194
503035
969258
980774
772483
898424
918827
242601
341592
460468
656038
735193
860995
924165
362154
91824
324498
837506
869185
183917
34732
926712
808547
304177
279913
982505
920913
156346
605237
607072
949291
411685
33390
335910
627405
428569
96893
403690
974568
523577
696126
515184
829202
25575
119852
450125
576816
180870
171130
535977
709330
64439
360042
971132
3136
938062
70318
2086
392494
151493
