100
585224
850020
807724
993865
592427
574475
890519
958480
990099
642791
831039
332363
521116
833849
793316
386752
769934
53009
909652
296953
78276
336767
534449
842574
190470
48746
711197
227729
550502
665820
169362
733628
471861
450655
742833
315992
754730
163664
681294
362013
546161
30060
387004
316463
414321
990169
860408
653045
981786
163178
207392
172699
477703
798462
394175
663314
112622
56055
895068
244820
278807
897731
53449
938554
594067
305711
978243
3754
429818
982005
209589
350666
62025
260276
251270
334736
352309
958226
830346
41599
936594
735278
904831
472076
182722
384320
123274
991274
6934
246628
7871
885562
159547
218014
409888
185981
523387
132423
746932
204637
